8
KAH7860325.1 0.0000000 1.7511409 1.9949137 1.8924142 1.9449157 2.2120989 2.1668967 2.0669606 
KAH7850284.1 1.7511409 0.0000000 0.9760694 1.0391325 1.8309115 2.1795471 2.1686957 2.0734895 
KAH7851477.1 1.9949137 0.9760694 0.0000000 0.5477588 1.5716031 2.2617026 2.1043335 1.9616510 
KAH7834344.1 1.8924142 1.0391325 0.5477588 0.0000000 1.6406993 2.4274164 2.3344289 2.1520502 
KAH7864588.1 1.9449157 1.8309115 1.5716031 1.6406993 0.0000000 1.8962271 1.9543127 1.8721045 
KAH7860208.1 2.2120989 2.1795471 2.2617026 2.4274164 1.8962271 0.0000000 0.8442026 0.8380513 
KAH7844797.1 2.1668967 2.1686957 2.1043335 2.3344289 1.9543127 0.8442026 0.0000000 0.5233159 
KAH7844051.1 2.0669606 2.0734895 1.9616510 2.1520502 1.8721045 0.8380513 0.5233159 0.0000000 
