9
NP_001389072.1 0.0000000 1.2735629 1.1282626 1.1365703 0.9671052 1.1352956 0.4720388 0.4246295 0.3723501 
NP_001405525.1 1.2735629 0.0000000 0.6285353 0.6384814 1.0761457 1.2484938 1.2765788 1.3183327 1.2661157 
AEE28462.1     1.1282626 0.6285353 0.0000000 0.0026692 0.8941702 1.0895748 1.1499415 1.1561200 1.1156868 
ANM60634.1     1.1365703 0.6384814 0.0026692 0.0000000 0.9078715 1.0979648 1.1586871 1.1592842 1.1187478 
NP_001405645.1 0.9671052 1.0761457 0.8941702 0.9078715 0.0000000 0.7167798 1.0880988 1.1242675 1.0661160 
AED94021.1     1.1352956 1.2484938 1.0895748 1.0979648 0.7167798 0.0000000 1.2119908 1.1856407 1.1173471 
AEE83721.1     0.4720388 1.2765788 1.1499415 1.1586871 1.0880988 1.2119908 0.0000000 0.2805094 0.2275195 
ANM63140.1     0.4246295 1.3183327 1.1561200 1.1592842 1.1242675 1.1856407 0.2805094 0.0000000 0.0401476 
AEC06808.1     0.3723501 1.2661157 1.1156868 1.1187478 1.0661160 1.1173471 0.2275195 0.0401476 0.0000000 
