9
AEE84000.1     0.0000000 0.9036086 1.4818404 1.2899502 1.3408396 1.3647826 0.9624190 0.9199761 0.9358653 
NP_001389072.1 0.9036086 0.0000000 1.2904349 1.1388593 0.9722387 1.1390806 0.4640652 0.3742120 0.4268107 
NP_001405525.1 1.4818404 1.2904349 0.0000000 0.6293870 1.0785176 1.2533124 1.2910518 1.2834805 1.3356383 
AEE28462.1     1.2899502 1.1388593 0.6293870 0.0000000 0.8996313 1.1020549 1.1626537 1.1317826 1.1760050 
NP_001405645.1 1.3408396 0.9722387 1.0785176 0.8996313 0.0000000 0.7275558 1.0972204 1.0544250 1.1161758 
AED94021.1     1.3647826 1.1390806 1.2533124 1.1020549 0.7275558 0.0000000 1.2187538 1.1158656 1.1872562 
AEE83721.1     0.9624190 0.4640652 1.2910518 1.1626537 1.0972204 1.2187538 0.0000000 0.2344887 0.2875128 
AEC06808.1     0.9199761 0.3742120 1.2834805 1.1317826 1.0544250 1.1158656 0.2344887 0.0000000 0.0403563 
ANM63140.1     0.9358653 0.4268107 1.3356383 1.1760050 1.1161758 1.1872562 0.2875128 0.0403563 0.0000000 
