6
XP_004235944.1 0.0000000 1.8042457 1.7397718 1.6475559 1.6339053 1.6541102 
AEC07401.1     1.8042457 0.0000000 0.1440162 0.1535870 0.5861251 0.6026281 
ANM66121.1     1.7397718 0.1440162 0.0000000 0.0000010 0.6329151 0.5802650 
AEE86813.1     1.6475559 0.1535870 0.0000010 0.0000000 0.5985208 0.5548767 
XP_004233456.1 1.6339053 0.5861251 0.6329151 0.5985208 0.0000000 0.3932500 
XP_004231914.1 1.6541102 0.6026281 0.5802650 0.5548767 0.3932500 0.0000000 
