6
XP_004235944.1 0.0000000 1.9058021 1.4926166 1.6545775 1.5124076 1.6262560 
AED98343.1     1.9058021 0.0000000 0.9295040 0.7274356 0.6254103 0.6412285 
XP_004233456.1 1.4926166 0.9295040 0.0000000 0.5532537 0.5601475 0.5958391 
AEC07401.1     1.6545775 0.7274356 0.5532537 0.0000000 0.1469150 0.1406969 
AEE86813.1     1.5124076 0.6254103 0.5601475 0.1469150 0.0000000 0.0000010 
ANM66121.1     1.6262560 0.6412285 0.5958391 0.1406969 0.0000010 0.0000000 
