9
AEE84000.1     0.0000000 0.8984891 1.4700571 1.2806063 1.3309170 1.3549106 0.9567113 0.9407084 0.9122091 
XP_015631281.1 0.8984891 0.0000000 1.2814506 1.1315650 0.9665122 1.1319324 0.4623904 0.4280047 0.3717778 
NP_001405525.1 1.4700571 1.2814506 0.0000000 0.6268575 1.0718385 1.2447422 1.2817160 1.3410442 1.2711585 
AEE28462.1     1.2806063 1.1315650 0.6268575 0.0000000 0.8947793 1.0954520 1.1549168 1.1791672 1.1215395 
NP_001405645.1 1.3309170 0.9665122 1.0718385 0.8947793 0.0000000 0.7245677 1.0902197 1.0975560 1.0466514 
AED94021.1     1.3549106 1.1319324 1.2447422 1.0954520 0.7245677 0.0000000 1.2106249 1.1862336 1.1094134 
AEE83721.1     0.9567113 0.4623904 1.2817160 1.1549168 1.0902197 1.2106249 0.0000000 0.2942911 0.2298537 
ANM63140.1     0.9407084 0.4280047 1.3410442 1.1791672 1.0975560 1.1862336 0.2942911 0.0000000 0.0411172 
AEC06808.1     0.9122091 0.3717778 1.2711585 1.1215395 1.0466514 1.1094134 0.2298537 0.0411172 0.0000000 
