8
KAH7850284.1 0.0000000 1.1653510 1.2141747 1.2909403 1.2359133 1.2294587 1.2210293 1.2798050 
KAH7851477.1 1.1653510 0.0000000 0.6295784 0.6956862 0.6585051 0.5465691 0.5946180 0.5742345 
AEE73945.1   1.2141747 0.6295784 0.0000000 0.4016049 0.6866044 0.7124051 0.7948405 0.5793780 
AED92433.1   1.2909403 0.6956862 0.4016049 0.0000000 0.7403964 0.7179227 0.8080232 0.6026838 
AEC05469.1   1.2359133 0.6585051 0.6866044 0.7403964 0.0000000 0.2274141 0.4885943 0.7032889 
AEE29242.1   1.2294587 0.5465691 0.7124051 0.7179227 0.2274141 0.0000000 0.4724987 0.6395537 
KAH7834344.1 1.2210293 0.5946180 0.7948405 0.8080232 0.4885943 0.4724987 0.0000000 0.7552200 
AEE34499.1   1.2798050 0.5742345 0.5793780 0.6026838 0.7032889 0.6395537 0.7552200 0.0000000 
