9
AEE84000.1     0.0000000 0.8862109 1.4334002 1.2678494 1.2656390 1.3124317 1.3440479 0.9438673 0.8973446 
NP_001389072.1 0.8862109 0.0000000 1.2617313 1.1113909 1.1111451 0.9642028 1.1176100 0.4714107 0.3733075 
NP_001405525.1 1.4334002 1.2617313 0.0000000 0.6152122 0.6174836 1.0495372 1.2139367 1.2516428 1.2520138 
AEE28462.1     1.2678494 1.1113909 0.6152122 0.0000000 0.0000010 0.8729953 1.0759183 1.1320834 1.1124733 
ANM60634.1     1.2656390 1.1111451 0.6174836 0.0000010 0.0000000 0.8751125 1.0759183 1.1320834 1.1134802 
NP_001405645.1 1.3124317 0.9642028 1.0495372 0.8729953 0.8751125 0.0000000 0.7151821 1.0545939 1.0425123 
AED94021.1     1.3440479 1.1176100 1.2139367 1.0759183 1.0759183 0.7151821 0.0000000 1.1910985 1.0956449 
AEE83721.1     0.9438673 0.4714107 1.2516428 1.1320834 1.1320834 1.0545939 1.1910985 0.0000000 0.2214583 
AEC06808.1     0.8973446 0.3733075 1.2520138 1.1124733 1.1134802 1.0425123 1.0956449 0.2214583 0.0000000 
