8
XP_004235944.1 0.0000000 1.9545019 2.0597326 1.8244403 1.6574376 1.7580147 1.6200395 1.6485476 
AED98343.1     1.9545019 0.0000000 0.0000010 0.7895049 0.6869430 0.7052441 0.9713653 0.9367070 
ANM70638.1     2.0597326 0.0000010 0.0000000 0.8003362 0.7236282 0.7236282 0.8884138 0.8889000 
AEC07401.1     1.8244403 0.7895049 0.8003362 0.0000000 0.1487263 0.1385271 0.6155223 0.5980162 
AEE86813.1     1.6574376 0.6869430 0.7236282 0.1487263 0.0000000 0.0000010 0.6026066 0.5422072 
ANM66121.1     1.7580147 0.7052441 0.7236282 0.1385271 0.0000010 0.0000000 0.6388554 0.5657717 
XP_004233456.1 1.6200395 0.9713653 0.8884138 0.6155223 0.6026066 0.6388554 0.0000000 0.4036017 
XP_004231914.1 1.6485476 0.9367070 0.8889000 0.5980162 0.5422072 0.5657717 0.4036017 0.0000000 
